0100000101001101010001010100111000001101000010100000110
0000101001001111011100100111000001101000011000010110111
0111001100100000011001000110100101100101001000000110110
0110111101110010011001010010000001100111011011000110010
0110010101100110011101010110110001101100011110010010000
0110100101101110001000000111010001101000011001010010000
0110011101110010011001010110010101101110001000000101011
0110010101110011011101000010111000001101000010100100000
0010000001110100011000010111000001100101011100110111010
0111001001111001001000000110110101100001011001000110010
0010000001101111011001100010000001100111011001010110110
0110000101110100011010010110111000101110001000000100001
0110100101101110011000010111001001111001001000000110010
0110000101110010011100110010111000001101000010100100000
0010000001101000011000010110111001100100001000000111001
0110000101101001011100110110010101100100001000000110100
0110111001110100011011110010000001110100011010000110010
0010000001110111011000010111011001100101011100100110100
0110111001100111001000000111010001110010011000010111010
0110110101100001001011010110110001101001011001110110100
0111010000101110000011010000101000001101000010100100001
0111001001101001011001110110100001110100001000000111000
0110010101100001011100100110110001110011001000000110001
0110110001110101011100110111010001100101011100101110001
1000000010010100011000010111001100100000011010010110011
0010000001100111011011000111010101100101011001001110001
1000000010010100011000010111001001101111011101010110111
0110010000001101000010100101010001101000011001010010000
0110111001100101011101110110110001111001001000000110111
0111000001100101011011100110010101100100001000000110010
0111100101100101011011000110100101100100011100110010000
0110111101100110001000000110000101101110001000000110100
0110111001100110011000010110111001110100001011100000110
0000101000001101000010100100001001101100011101010110010
0010000001101100011010010110010101110011001000000110001
0110010101101110011001010110000101110100011010000010000
0111010001101000011010010111001100100000011000010110110
0110110000100000011000100110010101101110011001000110100
0110111001100111001011000010000001100001011100110010000
0110010001101111000011010000101001010011011101000111010
0110111001110100011001010110010000100000011101010110111
0110001101101100011001010111001100101100001000000110101
0110100101110011011100110110100101101110011001110010111
0010000001000001011110100111001001100001011001010110110
0010110000001101000010100000110100001010010100110110100
0110000101101011011001010110111000101100001000000110001
0110000101100011011010110111001100100000011010000110100
0111001100100000011100100110010101100100001000000110011
0110111100101101011000110110000101110010011101000010000
0111010001101000011100100110111101110101011001110110100
0010000001110100011010000110010100100000011101110110000
0110110001101100001011100000110100001010000011010000101
0010110100100000010000110110100001110010011010010111001
0111010001101001011000010110111000100000010010000110000
0111011101101011011001010111100100100000001011110010111
0010000001000111011001010110111101110010011001110010000
0101010001110010011000010110101101101100
